$ANSIBLE_VAULT;1.1;AES256
34313463373134353263666261356163636664383738656637393339616562653561353338316265
3763373830663638333761663163376530663732646239370a386535306463313938633563336266
61653337316266303663346130386661313739383430396335366566653565633262313466366561
3062333438326463390a643165643064613534336466333862623733303133643336653839346465
63373666326633363164666437396539363166303839396332343763356566343333663530303634
32333139326334343339343935306630633030613338343930323033383461353839316665373061
66363931386433383664646339313739313531396234613662306266363831396539386563653161
30623762386663323661363630643464666566333430313132323834396136636134343362396137
61373563633632353437663830636362356531623335646333373165336466303865373164623266
37356162643334666366646231316562656536656634376266633062623937383062613961353131
63353762383436636331343964323533613639393533376437386534613230326337626663343832
62383764613465376438643365633563626261393365383763633932356666633535643636376630
32363535336361316566336133376464383163386663636333623538653832376331313236366266
35376339323730653565306632396332376639323437356437646533646166613635643734396265
66343732643432646163643537323235363137623566373363343634353537653461613934366564
30383437336539343530643634313931386665323265396230643430346630616461363930663263
38653430626362363238326136343730346134383434323036666262343564333436373933366261
64383639636338626431316131623562623536303161303538636262346239363537643736653239
62316539306439383034306634636263363336336332393131366563663765313764343038346165
61363935383766653436323662666633333235636532363761346539636634323264373365656132
66313335636533393762613464343039386132616538343461303663366563633465353064333439
32646262643265366239383330326662346665663938653836386137356235303631306439333633
35316634653934633130653765373339653764393731666139396238633565613431356338626531
61323930376334313363323732373666666530363362623265616538363432333835383635363661
3462
